matrix([[-1.,  0.],
        [ 1.,  0.],
        [ 0.,  4.],
        [ 0., -1.]])
matrix([[-0.57464189,  0.12218761],
        [ 0.57464189,  0.12218761],
        [ 0.        ,  3.20170462],
        [ 0.        , -0.44607985]])
matrix([[-0.24411523,  0.26581632],
        [ 0.24411523,  0.26581632],
        [ 0.        ,  2.44331435],
        [ 0.        ,  0.025053  ]])
matrix([[-0.04866683,  0.43350546],
        [ 0.04866683,  0.43350546],
        [ 0.        ,  1.75259139],
        [ 0.        ,  0.3803977 ]])
matrix([[ 0.00302454,  0.60651757],
        [-0.00302454,  0.60651757],
        [ 0.        ,  1.18072457],
        [ 0.        ,  0.60624028]])
matrix([[-6.25256591e-04,  7.28011316e-01],
        [ 6.25256591e-04,  7.28011316e-01],
        [ 0.00000000e+00,  8.15928986e-01],
        [ 0.00000000e+00,  7.28048383e-01]])
matrix([[ 1.90924489e-04,  7.54961208e-01],
        [-1.90924489e-04,  7.54961208e-01],
        [ 0.00000000e+00,  7.35126738e-01],
        [ 0.00000000e+00,  7.54950846e-01]])
matrix([[-6.23429441e-05,  7.48474856e-01],
        [ 6.23429441e-05,  7.48474856e-01],
        [ 0.00000000e+00,  7.54572120e-01],
        [ 0.00000000e+00,  7.48478169e-01]])
matrix([[ 2.06485567e-05,  7.50496064e-01],
        [-2.06485567e-05,  7.50496064e-01],
        [ 0.00000000e+00,  7.48512899e-01],
        [ 0.00000000e+00,  7.50494974e-01]])
matrix([[-6.86851791e-06,  7.49835954e-01],
        [ 6.86851791e-06,  7.49835954e-01],
        [ 0.00000000e+00,  7.50491776e-01],
        [ 0.00000000e+00,  7.49836316e-01]])
matrix([[ 2.28792672e-06,  7.50054539e-01],
        [-2.28792672e-06,  7.50054539e-01],
        [ 0.00000000e+00,  7.49836504e-01],
        [ 0.00000000e+00,  7.50054418e-01]])
matrix([[-7.62467256e-07,  7.49981836e-01],
        [ 7.62467256e-07,  7.49981836e-01],
        [ 0.00000000e+00,  7.50054451e-01],
        [ 0.00000000e+00,  7.49981876e-01]])
matrix([[ 2.54136328e-07,  7.50006053e-01],
        [-2.54136328e-07,  7.50006053e-01],
        [ 0.00000000e+00,  7.49981855e-01],
        [ 0.00000000e+00,  7.50006039e-01]])
matrix([[-8.47099516e-08,  7.49997983e-01],
        [ 8.47099516e-08,  7.49997983e-01],
        [ 0.00000000e+00,  7.50006048e-01],
        [ 0.00000000e+00,  7.49997987e-01]])
matrix([[ 2.82364108e-08,  7.50000672e-01],
        [-2.82364108e-08,  7.50000672e-01],
        [ 0.00000000e+00,  7.49997984e-01],
        [ 0.00000000e+00,  7.50000671e-01]])
matrix([[-9.41211027e-09,  7.49999776e-01],
        [ 9.41211027e-09,  7.49999776e-01],
        [ 0.00000000e+00,  7.50000672e-01],
        [ 0.00000000e+00,  7.49999776e-01]])
matrix([[ 3.13736718e-09,  7.50000075e-01],
        [-3.13736718e-09,  7.50000075e-01],
        [ 0.00000000e+00,  7.49999776e-01],
        [ 0.00000000e+00,  7.50000075e-01]])
matrix([[-1.04578875e-09,  7.49999975e-01],
        [ 1.04578875e-09,  7.49999975e-01],
        [ 0.00000000e+00,  7.50000075e-01],
        [ 0.00000000e+00,  7.49999975e-01]])
matrix([[ 3.48596215e-10,  7.50000008e-01],
        [-3.48596215e-10,  7.50000008e-01],
        [ 0.00000000e+00,  7.49999975e-01],
        [ 0.00000000e+00,  7.50000008e-01]])
matrix([[-1.16198733e-10,  7.49999997e-01],
        [ 1.16198733e-10,  7.49999997e-01],
        [ 0.00000000e+00,  7.50000008e-01],
        [ 0.00000000e+00,  7.49999997e-01]])
matrix([[ 3.87329098e-11,  7.50000001e-01],
        [-3.87329098e-11,  7.50000001e-01],
        [ 0.00000000e+00,  7.49999997e-01],
        [ 0.00000000e+00,  7.50000001e-01]])
matrix([[-1.29109699e-11,  7.50000000e-01],
        [ 1.29109699e-11,  7.50000000e-01],
        [ 0.00000000e+00,  7.50000001e-01],
        [ 0.00000000e+00,  7.50000000e-01]])
matrix([[ 4.30365658e-12,  7.50000000e-01],
        [-4.30365658e-12,  7.50000000e-01],
        [ 0.00000000e+00,  7.50000000e-01],
        [ 0.00000000e+00,  7.50000000e-01]])
matrix([[-1.43455219e-12,  7.50000000e-01],
        [ 1.43455219e-12,  7.50000000e-01],
        [ 0.00000000e+00,  7.50000000e-01],
        [ 0.00000000e+00,  7.50000000e-01]])
matrix([[ 4.78184057e-13,  7.50000000e-01],
        [-4.78184057e-13,  7.50000000e-01],
        [ 0.00000000e+00,  7.50000000e-01],
        [ 0.00000000e+00,  7.50000000e-01]])
matrix([[-1.59394681e-13,  7.50000000e-01],
        [ 1.59394681e-13,  7.50000000e-01],
        [ 0.00000000e+00,  7.50000000e-01],
        [ 0.00000000e+00,  7.50000000e-01]])
matrix([[ 5.31315603e-14,  7.50000000e-01],
        [-5.31315603e-14,  7.50000000e-01],
        [ 0.00000000e+00,  7.50000000e-01],
        [ 0.00000000e+00,  7.50000000e-01]])
matrix([[-1.77105201e-14,  7.50000000e-01],
        [ 1.77105201e-14,  7.50000000e-01],
        [ 0.00000000e+00,  7.50000000e-01],
        [ 0.00000000e+00,  7.50000000e-01]])
matrix([[ 5.90350661e-15,  7.50000000e-01],
        [-5.90350661e-15,  7.50000000e-01],
        [ 0.00000000e+00,  7.50000000e-01],
        [ 0.00000000e+00,  7.50000000e-01]])
matrix([[-1.96783554e-15,  7.50000000e-01],
        [ 1.96783554e-15,  7.50000000e-01],
        [ 0.00000000e+00,  7.50000000e-01],
        [ 0.00000000e+00,  7.50000000e-01]])
matrix([[ 6.55945169e-16,  7.50000000e-01],
        [-6.55945169e-16,  7.50000000e-01],
        [ 0.00000000e+00,  7.50000000e-01],
        [ 0.00000000e+00,  7.50000000e-01]])
matrix([[-2.1864839e-16,  7.5000000e-01],
        [ 2.1864839e-16,  7.5000000e-01],
        [ 0.0000000e+00,  7.5000000e-01],
        [ 0.0000000e+00,  7.5000000e-01]])
matrix([[ 7.28827966e-17,  7.50000000e-01],
        [-7.28827966e-17,  7.50000000e-01],
        [ 0.00000000e+00,  7.50000000e-01],
        [ 0.00000000e+00,  7.50000000e-01]])
matrix([[-2.42942655e-17,  7.50000000e-01],
        [ 2.42942655e-17,  7.50000000e-01],
        [ 0.00000000e+00,  7.50000000e-01],
        [ 0.00000000e+00,  7.50000000e-01]])
matrix([[ 8.09808851e-18,  7.50000000e-01],
        [-8.09808851e-18,  7.50000000e-01],
        [ 0.00000000e+00,  7.50000000e-01],
        [ 0.00000000e+00,  7.50000000e-01]])
matrix([[-2.6993628e-18,  7.5000000e-01],
        [ 2.6993628e-18,  7.5000000e-01],
        [ 0.0000000e+00,  7.5000000e-01],
        [ 0.0000000e+00,  7.5000000e-01]])
matrix([[ 8.99787585e-19,  7.50000000e-01],
        [-8.99787585e-19,  7.50000000e-01],
        [ 0.00000000e+00,  7.50000000e-01],
        [ 0.00000000e+00,  7.50000000e-01]])
matrix([[-2.99929195e-19,  7.50000000e-01],
        [ 2.99929195e-19,  7.50000000e-01],
        [ 0.00000000e+00,  7.50000000e-01],
        [ 0.00000000e+00,  7.50000000e-01]])
matrix([[ 9.99763984e-20,  7.50000000e-01],
        [-9.99763984e-20,  7.50000000e-01],
        [ 0.00000000e+00,  7.50000000e-01],
        [ 0.00000000e+00,  7.50000000e-01]])
matrix([[-3.33254661e-20,  7.50000000e-01],
        [ 3.33254661e-20,  7.50000000e-01],
        [ 0.00000000e+00,  7.50000000e-01],
        [ 0.00000000e+00,  7.50000000e-01]])
matrix([[ 1.11084887e-20,  7.50000000e-01],
        [-1.11084887e-20,  7.50000000e-01],
        [ 0.00000000e+00,  7.50000000e-01],
        [ 0.00000000e+00,  7.50000000e-01]])
matrix([[-3.70282957e-21,  7.50000000e-01],
        [ 3.70282957e-21,  7.50000000e-01],
        [ 0.00000000e+00,  7.50000000e-01],
        [ 0.00000000e+00,  7.50000000e-01]])
matrix([[ 1.23427652e-21,  7.50000000e-01],
        [-1.23427652e-21,  7.50000000e-01],
        [ 0.00000000e+00,  7.50000000e-01],
        [ 0.00000000e+00,  7.50000000e-01]])
matrix([[-4.11425508e-22,  7.50000000e-01],
        [ 4.11425508e-22,  7.50000000e-01],
        [ 0.00000000e+00,  7.50000000e-01],
        [ 0.00000000e+00,  7.50000000e-01]])
matrix([[ 1.37141836e-22,  7.50000000e-01],
        [-1.37141836e-22,  7.50000000e-01],
        [ 0.00000000e+00,  7.50000000e-01],
        [ 0.00000000e+00,  7.50000000e-01]])
matrix([[-4.57139453e-23,  7.50000000e-01],
        [ 4.57139453e-23,  7.50000000e-01],
        [ 0.00000000e+00,  7.50000000e-01],
        [ 0.00000000e+00,  7.50000000e-01]])
matrix([[ 1.52379818e-23,  7.50000000e-01],
        [-1.52379818e-23,  7.50000000e-01],
        [ 0.00000000e+00,  7.50000000e-01],
        [ 0.00000000e+00,  7.50000000e-01]])
matrix([[-5.07932725e-24,  7.50000000e-01],
        [ 5.07932725e-24,  7.50000000e-01],
        [ 0.00000000e+00,  7.50000000e-01],
        [ 0.00000000e+00,  7.50000000e-01]])
matrix([[ 1.69310908e-24,  7.50000000e-01],
        [-1.69310908e-24,  7.50000000e-01],
        [ 0.00000000e+00,  7.50000000e-01],
        [ 0.00000000e+00,  7.50000000e-01]])
matrix([[-5.64369695e-25,  7.50000000e-01],
        [ 5.64369695e-25,  7.50000000e-01],
        [ 0.00000000e+00,  7.50000000e-01],
        [ 0.00000000e+00,  7.50000000e-01]])
matrix([[ 1.88123232e-25,  7.50000000e-01],
        [-1.88123232e-25,  7.50000000e-01],
        [ 0.00000000e+00,  7.50000000e-01],
        [ 0.00000000e+00,  7.50000000e-01]])
matrix([[-6.27077439e-26,  7.50000000e-01],
        [ 6.27077439e-26,  7.50000000e-01],
        [ 0.00000000e+00,  7.50000000e-01],
        [ 0.00000000e+00,  7.50000000e-01]])
matrix([[ 2.09025813e-26,  7.50000000e-01],
        [-2.09025813e-26,  7.50000000e-01],
        [ 0.00000000e+00,  7.50000000e-01],
        [ 0.00000000e+00,  7.50000000e-01]])
matrix([[-6.9675271e-27,  7.5000000e-01],
        [ 6.9675271e-27,  7.5000000e-01],
        [ 0.0000000e+00,  7.5000000e-01],
        [ 0.0000000e+00,  7.5000000e-01]])
matrix([[ 2.32250903e-27,  7.50000000e-01],
        [-2.32250903e-27,  7.50000000e-01],
        [ 0.00000000e+00,  7.50000000e-01],
        [ 0.00000000e+00,  7.50000000e-01]])
matrix([[-7.74169678e-28,  7.50000000e-01],
        [ 7.74169678e-28,  7.50000000e-01],
        [ 0.00000000e+00,  7.50000000e-01],
        [ 0.00000000e+00,  7.50000000e-01]])
matrix([[ 2.58056559e-28,  7.50000000e-01],
        [-2.58056559e-28,  7.50000000e-01],
        [ 0.00000000e+00,  7.50000000e-01],
        [ 0.00000000e+00,  7.50000000e-01]])
matrix([[-8.60188531e-29,  7.50000000e-01],
        [ 8.60188531e-29,  7.50000000e-01],
        [ 0.00000000e+00,  7.50000000e-01],
        [ 0.00000000e+00,  7.50000000e-01]])
matrix([[ 2.8672951e-29,  7.5000000e-01],
        [-2.8672951e-29,  7.5000000e-01],
        [ 0.0000000e+00,  7.5000000e-01],
        [ 0.0000000e+00,  7.5000000e-01]])
matrix([[-9.55765034e-30,  7.50000000e-01],
        [ 9.55765034e-30,  7.50000000e-01],
        [ 0.00000000e+00,  7.50000000e-01],
        [ 0.00000000e+00,  7.50000000e-01]])
matrix([[ 3.18588345e-30,  7.50000000e-01],
        [-3.18588345e-30,  7.50000000e-01],
        [ 0.00000000e+00,  7.50000000e-01],
        [ 0.00000000e+00,  7.50000000e-01]])
matrix([[-1.06196115e-30,  7.50000000e-01],
        [ 1.06196115e-30,  7.50000000e-01],
        [ 0.00000000e+00,  7.50000000e-01],
        [ 0.00000000e+00,  7.50000000e-01]])
matrix([[ 3.5398705e-31,  7.5000000e-01],
        [-3.5398705e-31,  7.5000000e-01],
        [ 0.0000000e+00,  7.5000000e-01],
        [ 0.0000000e+00,  7.5000000e-01]])
matrix([[-1.17995683e-31,  7.50000000e-01],
        [ 1.17995683e-31,  7.50000000e-01],
        [ 0.00000000e+00,  7.50000000e-01],
        [ 0.00000000e+00,  7.50000000e-01]])
matrix([[ 3.93318944e-32,  7.50000000e-01],
        [-3.93318944e-32,  7.50000000e-01],
        [ 0.00000000e+00,  7.50000000e-01],
        [ 0.00000000e+00,  7.50000000e-01]])
matrix([[-1.31106315e-32,  7.50000000e-01],
        [ 1.31106315e-32,  7.50000000e-01],
        [ 0.00000000e+00,  7.50000000e-01],
        [ 0.00000000e+00,  7.50000000e-01]])
matrix([[ 4.37021049e-33,  7.50000000e-01],
        [-4.37021049e-33,  7.50000000e-01],
        [ 0.00000000e+00,  7.50000000e-01],
        [ 0.00000000e+00,  7.50000000e-01]])
matrix([[-1.45673683e-33,  7.50000000e-01],
        [ 1.45673683e-33,  7.50000000e-01],
        [ 0.00000000e+00,  7.50000000e-01],
        [ 0.00000000e+00,  7.50000000e-01]])
matrix([[ 4.85578943e-34,  7.50000000e-01],
        [-4.85578943e-34,  7.50000000e-01],
        [ 0.00000000e+00,  7.50000000e-01],
        [ 0.00000000e+00,  7.50000000e-01]])
matrix([[-1.61859648e-34,  7.50000000e-01],
        [ 1.61859648e-34,  7.50000000e-01],
        [ 0.00000000e+00,  7.50000000e-01],
        [ 0.00000000e+00,  7.50000000e-01]])
matrix([[ 5.39532159e-35,  7.50000000e-01],
        [-5.39532159e-35,  7.50000000e-01],
        [ 0.00000000e+00,  7.50000000e-01],
        [ 0.00000000e+00,  7.50000000e-01]])
matrix([[-1.79844053e-35,  7.50000000e-01],
        [ 1.79844053e-35,  7.50000000e-01],
        [ 0.00000000e+00,  7.50000000e-01],
        [ 0.00000000e+00,  7.50000000e-01]])
matrix([[ 5.99480177e-36,  7.50000000e-01],
        [-5.99480177e-36,  7.50000000e-01],
        [ 0.00000000e+00,  7.50000000e-01],
        [ 0.00000000e+00,  7.50000000e-01]])
matrix([[-1.99826726e-36,  7.50000000e-01],
        [ 1.99826726e-36,  7.50000000e-01],
        [ 0.00000000e+00,  7.50000000e-01],
        [ 0.00000000e+00,  7.50000000e-01]])
matrix([[ 6.66089085e-37,  7.50000000e-01],
        [-6.66089085e-37,  7.50000000e-01],
        [ 0.00000000e+00,  7.50000000e-01],
        [ 0.00000000e+00,  7.50000000e-01]])
matrix([[-2.22029695e-37,  7.50000000e-01],
        [ 2.22029695e-37,  7.50000000e-01],
        [ 0.00000000e+00,  7.50000000e-01],
        [ 0.00000000e+00,  7.50000000e-01]])
matrix([[ 7.40098984e-38,  7.50000000e-01],
        [-7.40098984e-38,  7.50000000e-01],
        [ 0.00000000e+00,  7.50000000e-01],
        [ 0.00000000e+00,  7.50000000e-01]])
matrix([[-2.46699661e-38,  7.50000000e-01],
        [ 2.46699661e-38,  7.50000000e-01],
        [ 0.00000000e+00,  7.50000000e-01],
        [ 0.00000000e+00,  7.50000000e-01]])
matrix([[ 8.22332204e-39,  7.50000000e-01],
        [-8.22332204e-39,  7.50000000e-01],
        [ 0.00000000e+00,  7.50000000e-01],
        [ 0.00000000e+00,  7.50000000e-01]])
matrix([[-2.74110735e-39,  7.50000000e-01],
        [ 2.74110735e-39,  7.50000000e-01],
        [ 0.00000000e+00,  7.50000000e-01],
        [ 0.00000000e+00,  7.50000000e-01]])
matrix([[ 9.13702449e-40,  7.50000000e-01],
        [-9.13702449e-40,  7.50000000e-01],
        [ 0.00000000e+00,  7.50000000e-01],
        [ 0.00000000e+00,  7.50000000e-01]])
matrix([[-3.04567483e-40,  7.50000000e-01],
        [ 3.04567483e-40,  7.50000000e-01],
        [ 0.00000000e+00,  7.50000000e-01],
        [ 0.00000000e+00,  7.50000000e-01]])
matrix([[ 1.01522494e-40,  7.50000000e-01],
        [-1.01522494e-40,  7.50000000e-01],
        [ 0.00000000e+00,  7.50000000e-01],
        [ 0.00000000e+00,  7.50000000e-01]])
matrix([[-3.38408314e-41,  7.50000000e-01],
        [ 3.38408314e-41,  7.50000000e-01],
        [ 0.00000000e+00,  7.50000000e-01],
        [ 0.00000000e+00,  7.50000000e-01]])
matrix([[ 1.12802771e-41,  7.50000000e-01],
        [-1.12802771e-41,  7.50000000e-01],
        [ 0.00000000e+00,  7.50000000e-01],
        [ 0.00000000e+00,  7.50000000e-01]])
matrix([[-3.76009238e-42,  7.50000000e-01],
        [ 3.76009238e-42,  7.50000000e-01],
        [ 0.00000000e+00,  7.50000000e-01],
        [ 0.00000000e+00,  7.50000000e-01]])
matrix([[ 1.25336413e-42,  7.50000000e-01],
        [-1.25336413e-42,  7.50000000e-01],
        [ 0.00000000e+00,  7.50000000e-01],
        [ 0.00000000e+00,  7.50000000e-01]])
matrix([[-4.17788043e-43,  7.50000000e-01],
        [ 4.17788043e-43,  7.50000000e-01],
        [ 0.00000000e+00,  7.50000000e-01],
        [ 0.00000000e+00,  7.50000000e-01]])
matrix([[ 1.39262681e-43,  7.50000000e-01],
        [-1.39262681e-43,  7.50000000e-01],
        [ 0.00000000e+00,  7.50000000e-01],
        [ 0.00000000e+00,  7.50000000e-01]])
matrix([[-4.64208936e-44,  7.50000000e-01],
        [ 4.64208936e-44,  7.50000000e-01],
        [ 0.00000000e+00,  7.50000000e-01],
        [ 0.00000000e+00,  7.50000000e-01]])
matrix([[ 1.54736312e-44,  7.50000000e-01],
        [-1.54736312e-44,  7.50000000e-01],
        [ 0.00000000e+00,  7.50000000e-01],
        [ 0.00000000e+00,  7.50000000e-01]])
matrix([[-5.15787707e-45,  7.50000000e-01],
        [ 5.15787707e-45,  7.50000000e-01],
        [ 0.00000000e+00,  7.50000000e-01],
        [ 0.00000000e+00,  7.50000000e-01]])
matrix([[ 1.71929236e-45,  7.50000000e-01],
        [-1.71929236e-45,  7.50000000e-01],
        [ 0.00000000e+00,  7.50000000e-01],
        [ 0.00000000e+00,  7.50000000e-01]])
matrix([[-5.73097452e-46,  7.50000000e-01],
        [ 5.73097452e-46,  7.50000000e-01],
        [ 0.00000000e+00,  7.50000000e-01],
        [ 0.00000000e+00,  7.50000000e-01]])
matrix([[ 1.91032484e-46,  7.50000000e-01],
        [-1.91032484e-46,  7.50000000e-01],
        [ 0.00000000e+00,  7.50000000e-01],
        [ 0.00000000e+00,  7.50000000e-01]])
matrix([[-6.36774947e-47,  7.50000000e-01],
        [ 6.36774947e-47,  7.50000000e-01],
        [ 0.00000000e+00,  7.50000000e-01],
        [ 0.00000000e+00,  7.50000000e-01]])
matrix([[ 2.12258316e-47,  7.50000000e-01],
        [-2.12258316e-47,  7.50000000e-01],
        [ 0.00000000e+00,  7.50000000e-01],
        [ 0.00000000e+00,  7.50000000e-01]])
matrix([[-7.07527719e-48,  7.50000000e-01],
        [ 7.07527719e-48,  7.50000000e-01],
        [ 0.00000000e+00,  7.50000000e-01],
        [ 0.00000000e+00,  7.50000000e-01]])
matrix([[ 2.35842573e-48,  7.50000000e-01],
        [-2.35842573e-48,  7.50000000e-01],
        [ 0.00000000e+00,  7.50000000e-01],
        [ 0.00000000e+00,  7.50000000e-01]])
matrix([[-7.8614191e-49,  7.5000000e-01],
        [ 7.8614191e-49,  7.5000000e-01],
        [ 0.0000000e+00,  7.5000000e-01],
        [ 0.0000000e+00,  7.5000000e-01]])
matrix([[ 2.62047303e-49,  7.50000000e-01],
        [-2.62047303e-49,  7.50000000e-01],
        [ 0.00000000e+00,  7.50000000e-01],
        [ 0.00000000e+00,  7.50000000e-01]])
matrix([[-8.73491011e-50,  7.50000000e-01],
        [ 8.73491011e-50,  7.50000000e-01],
        [ 0.00000000e+00,  7.50000000e-01],
        [ 0.00000000e+00,  7.50000000e-01]])
